C1 = -0.744798 
C2 = -3.746925 
C3 = 0.109924 

P11 = -0.000070 
P12 = 0.002033 
P13 = -0.321317 
P21 = -0.000046 
P22 = -0.000236 
P23 = 1.061416 
P31 = 0.002044 
P32 = 0.000065 
P33 = -0.664985 
