K11 = 477.364060
K12 = 0.000000
K13 = 348.298810
K21 = 0.000000
K22 = 478.039905
K23 = 235.982665
K31 = 0.000000
K32 = 0.000000
K33 = 1.000000

kc1 = -0.287152
kc2 = 0.085398
kc3 = 0.000280
kc4 = 0.000161

