K11 = 420.494133
K12 = 0.000000
K13 = 322.865731
K21 = 0.000000
K22 = 421.110203
K23 = 244.204233
K31 = 0.000000
K32 = 0.000000
K33 = 1.000000

kc1 = -0.274955
kc2 = 0.068720
kc3 = -0.000194
kc4 = -0.000831

