K11 = 444.555376
K12 = 0.000000
K13 = 301.699920
K21 = 0.000000
K22 = 445.411595
K23 = 261.220091
K31 = 0.000000
K32 = 0.000000
K33 = 1.000000

kc1 = -0.273761
kc2 = 0.068064
kc3 = 0.000264
kc4 = -0.000036

