C1 = 0.609342 
C2 = -2.330311 
C3 = 2.015306 

P11 = -0.001640 
P12 = 0.001670 
P13 = -0.133402 
P21 = 0.000493 
P22 = 0.001336 
P23 = 0.335594 
P31 = 0.001750 
P32 = 0.001173 
P33 = -1.363995 
