C1 = -1.238331 
C2 = -2.119162 
C3 = 1.942444 

P11 = -0.001561 
P12 = -0.001221 
P13 = 1.317272 
P21 = -0.000029 
P22 = 0.001655 
P23 = 0.309790 
P31 = -0.001708 
P32 = 0.001070 
P33 = -0.197523 
