K11 = 468.699655
K12 = 0.000000
K13 = 324.153942
K21 = 0.000000
K22 = 469.456373
K23 = 233.619539
K31 = 0.000000
K32 = 0.000000
K33 = 1.000000

kc1 = -0.289852
kc2 = 0.087492
kc3 = -0.000449
kc4 = 0.000238

