C1 = -1.068305 
C2 = -2.070519 
C3 = -1.951043 

P11 = 0.001575 
P12 = -0.000591 
P13 = 0.167513 
P21 = -0.000240 
P22 = 0.001699 
P23 = 0.260991 
P31 = -0.001292 
P32 = -0.001014 
P33 = 1.267311 
