C1 = 0.799242 
C2 = -2.241571 
C3 = -1.658931 

P11 = 0.001500 
P12 = 0.001386 
P13 = -1.205650 
P21 = -0.000262 
P22 = 0.001425 
P23 = 0.493826 
P31 = 0.001647 
P32 = -0.001019 
P33 = 0.248129 
