# Created by Octave 3.2.4, Fri Aug 26 11:09:19 2016 CEST <strawlab@flycube5>
# name: corresp
# type: matrix
# rows: 378
# columns: 7
 -0.228793762715575 -0.7460792642652665 -1.343912610133953 1 376.19882 386.74854 1
 -0.2290163189333488 -0.7482046470776081 -1.344323706363456 1 376.29382 386.62372 1
 -0.2287181157357689 -0.7486430600251756 -1.34483987989125 1 376.3913 386.70532 1
 -0.231820364352133 -0.7515497886459634 -1.345878696528247 1 376.28351 386.60825 1
 -0.2394562924827811 -0.7547869402374426 -1.346658202379062 1 374.76581 387.31012 1
 -0.2431537107156174 -0.7543623675952625 -1.346058334420546 1 374 387.73642 1
 -0.2567645711247253 -0.7610501367877351 -1.348195619537807 1 371.5 388.9375 1
 -0.2685263459543062 -0.7633831371235482 -1.348206920418134 1 368.99472 390.22223 1
 -0.272590655646526 -0.7673570640932748 -1.349006875646935 1 368.35376 390.14624 1
 -0.2818865373807519 -0.7704656522459195 -1.346104576570147 1 365.97839 390.31891 1
 -0.3029613464877715 -0.7572712776502432 -1.320480426535898 1 355.34171 390.53769 1
 -0.3137109193601662 -0.7499615594716791 -1.31041946668817 1 350.80264 391.23026 1
 -0.3247379298159838 -0.7414835063735065 -1.299254656721103 1 345.72726 392.00568 1
 -0.3326816185236226 -0.7339946401930622 -1.289008588896871 1 341.45651 392.52173 1
 -0.335971389072968 -0.7303182168270397 -1.285334763253229 1 340 392.66922 1
 -0.3407073408393818 -0.7262544226564647 -1.27867500065167 1 337.51382 392.60773 1
 -0.3387654271511363 -0.7227657071900797 -1.279720084352462 1 338.21518 393.29114 1
 -0.3395409900268239 -0.7103139171374828 -1.276025182446988 1 336.81046 394.73203 1
 -0.3375905791843719 -0.6997819744446842 -1.272603445840678 1 336.35294 395.62567 1
 -0.3443157882858728 -0.7134809581245318 -1.27629056332727 1 335.80722 394.98795 1
 -0.3702550907968194 -0.74460706419286 -1.277364623452814 1 330.96091 393.29608 1
 -0.3976753899940598 -0.77775648066102 -1.283551433333193 1 326.42712 392.49246 1
 -0.4288130958471111 -0.8090365404157662 -1.289050364462634 1 320.42157 392.47549 1
 -0.4691888046201475 -0.8451198579246172 -1.288300575174331 1 310.83472 391.23141 1
 -0.4903101253103568 -0.8596244186953791 -1.292217047487435 1 306.30768 392.58371 1
 -0.5104137614084897 -0.8643453984438872 -1.287420536867645 1 299.91882 393.36902 1
 -0.54760421486057 -0.8786840366446305 -1.281362967546788 1 288.71783 394.63901 1
 -0.5712349643079838 -0.8848627791596794 -1.27765652549863 1 281.35001 396.29999 1
 -0.6161428943257343 -0.909579736620722 -1.254186404217519 1 263.97296 392.55212 1
 -0.6384137752498109 -0.9209902283671414 -1.236555726313903 1 253.95589 389.3125 1
 -0.6598269464593861 -0.9350259997058722 -1.21760860325522 1 243.79297 384.85547 1
 -0.6808948841948353 -0.945348166380697 -1.195919435162443 1 233.35628 380.66803 1
 -0.7016755544071426 -0.9533782706432605 -1.171330409009588 1 222.48091 375.96564 1
 -0.7251902895193156 -0.9626849499529709 -1.14354030634029 1 210.31718 370.6608 1
 -0.7643878065084482 -0.9935957910938726 -1.109445750493872 1 191.49019 360.92157 1
 -0.7861557732991654 -1.005770654793635 -1.082350109260139 1 179.97656 354.71094 1
 -0.8049875097906833 -1.030111739805393 -1.069583013301252 1 170.97736 348.49811 1
 -0.8252025473352145 -1.044257600027715 -1.04807402031025 1 160.6181 342.77167 1
 -0.8404771559042905 -1.058234977190568 -1.030210859116467 1 152.5 337.14999 1
 -0.8599921490229433 -1.079727798597572 -1.01148449431927 1 142.42436 330.10083 1
 -0.8823264678553245 -1.096175747943838 -0.9830465343830225 1 130.64285 322.19049 1
 -0.8969612589700887 -1.096901569235199 -0.9553802281482439 1 122.43721 317.45117 1
 -0.916886701631269 -1.107268394681401 -0.9269625164097947 1 112.28648 310.95676 1
 -0.9303851812847607 -1.115569920850564 -0.9063267425469501 1 105.14141 305.91415 1
 -0.9486584951921747 -1.123091254914028 -0.8815949379643326 1 96.271187 300.71185 1
 -0.9705381373696943 -1.137998744252657 -0.8489518555902374 1 85.242935 292.45764 1
 -0.9881366611717839 -1.145192910423753 -0.8219370604219374 1 76.614037 286.88303 1
 -1.004859336366663 -1.149686318800947 -0.790900555025179 1 68.693748 281.23126 1
 -1.018810988220355 -1.157278830858398 -0.7656758069737363 1 61.879517 275.91565 1
 -1.032203665674043 -1.167814709863165 -0.7442948083895286 1 55.596027 270.27814 1
 -1.041498070879475 -1.164381851635038 -0.7177181160448584 1 51.425533 267.22696 1
 -1.058004533029025 -1.159372602352173 -0.6787202446458439 1 44.368793 262.86523 1
 -1.068111834877976 -1.156856025385322 -0.6542130672137971 1 40.370968 260.16934 1
 -1.078379935308405 -1.151570867426974 -0.6312367451393098 1 36.557972 258.52899 1
 -1.094475493228771 -1.157803013687078 -0.5910137988103111 1 29.530769 251.49231 1
 -1.099415004913419 -1.150218957564321 -0.5698573777266803 1 27.728813 250.14407 1
 -1.105679775873315 -1.147460200456479 -0.5459622254129994 1 25.222221 247.41112 1
 -1.107389256057102 -1.138162557694518 -0.52991442581662 1 24.842697 247.53932 1
 -1.114894372079258 -1.145317899486525 -0.510062295351538 1 21.398058 243.09709 1
 -1.115050844706785 -1.137120881612034 -0.4974291139302102 1 21.504673 243.21495 1
 -1.114510106854592 -1.130132099447291 -0.4913802360504343 1 22 243.90123 1
 -1.120508778764342 -1.126016096714625 -0.4633889630020268 1 19.542553 240.97873 1
 -1.123778877956079 -1.128090134070839 -0.443275967748944 1 17.8375 237.60001 1
 -1.125875638562796 -1.127113275073287 -0.4238070935347861 1 16.707071 235.13132 1
 -1.12583092086504 -1.126816858446991 -0.4059486508752838 1 16.195402 232.74713 1
 -1.128423673130236 -1.13686809587986 -0.3750643616839595 1 13.848837 226.19768 1
 -1.125473315302845 -1.137251514656247 -0.364583837487892 1 14.298851 224.18391 1
 -1.124927869787163 -1.137227101308841 -0.3523991835739022 1 14.135135 222.48648 1
 -1.121570908805625 -1.132730114373705 -0.3401222354907206 1 14.767123 221.57535 1
 -1.125105973038342 -1.140702987413071 -0.3112900716760904 1 12.537635 216.17204 1
 -1.123126459401335 -1.136531083928168 -0.2988284217028049 1 13 215.3158 1
 -1.129137377952308 -1.143138939697685 -0.2812522625908325 1 10.592592 212.02469 1
 -1.126759546326488 -1.141953584624948 -0.2566689808415601 1 10.5875 208.89999 1
 -1.129088727856878 -1.138157300411226 -0.237059265141608 1 9.811593999999999 207.50725 1
 -1.129563579451085 -1.142456669087485 -0.2088064895474732 1 8.7160492 203.1358 1
 -1.128211731262428 -1.1318787220306 -0.1826605830833732 1 9 202.31482 1
 -1.130661679835278 -1.134833716215575 -0.1575410420054772 1 7.6760564 198.81689 1
 -1.131238284107187 -1.130088303756858 -0.1355534362492103 1 7.3783784 197.47298 1
 -1.131694761201966 -1.124382478825734 -0.1040164259807777 1 7 195 1
 -1.132576558556283 -1.116302149820273 -0.07498003100160577 1 6.546875 193.51562 1
 -1.134310585790463 -1.112220931602283 -0.04951829910023384 1 5.818182 191.65454 1
 -1.144277267390295 -1.132965230869296 -0.01797061640507305 1 2 184.68889 1
 -0.9901770905897704 -1.254403811926532 1.936849501181182 1 6 54 1
 -0.9582578991464268 -1.253024918807701 1.937446170980514 1 10 53 1
 -0.9181013003965072 -1.245887398850237 1.938783747802806 1 15 53 1
 -0.8853530643408518 -1.252198756642064 1.93943000320864 1 19 51 1
 -0.8469200236730866 -1.251363350490461 1.938483518599069 1 24 50 1
 -0.8221523727808486 -1.25666045995935 1.940132133941556 1 27 49 1
 -0.7811265554839141 -1.246347184170404 1.940691516665978 1 32 49 1
 -0.7155240053232647 -1.258709600883421 1.940935574282055 1 40 46 1
 -0.6923992661614289 -1.263452797911296 1.941244909533618 1 43 45 1
 -0.675745214141357 -1.267375676012091 1.94123310157944 1 45 44 1
 -0.6587058090596841 -1.271574154748937 1.941619754335414 1 47 43 1
 -0.6318857262609576 -1.274172033354019 1.941997909741977 1 50 42 1
 -0.6103109803599958 -1.27612446287753 1.94179753277566 1 53 41 1
 -0.5873492389371232 -1.271948793979592 1.942150164796374 1 55.615383 41 1
 -0.5525552583033099 -1.265160320796644 1.943321564680177 1 60 41 1
 -0.5190156720059043 -1.257831611046555 1.944146979690619 1 64 41 1
