# Created by Octave 3.2.4, Fri Aug 26 11:09:19 2016 CEST <strawlab@flycube5>
# name: corresp
# type: matrix
# rows: 307
# columns: 7
 -0.228793762715575 -0.7460792642652665 -1.343912610133953 1 144.53334 287.44446 1
 -0.2290163189333488 -0.7482046470776081 -1.344323706363456 1 144.47826 287.17392 1
 -0.2287181157357689 -0.7486430600251756 -1.34483987989125 1 144.40425 287.23404 1
 -0.231820364352133 -0.7515497886459634 -1.345878696528247 1 143.88235 286.56863 1
 -0.2394562924827811 -0.7547869402374426 -1.346658202379062 1 142.59091 285 1
 -0.2431537107156174 -0.7543623675952625 -1.346058334420546 1 142.2766 284.25531 1
 -0.2567645711247253 -0.7610501367877351 -1.348195619537807 1 140.0204 281.36734 1
 -0.2685263459543062 -0.7633831371235482 -1.348206920418134 1 138.47728 279 1
 -0.272590655646526 -0.7673570640932748 -1.349006875646935 1 137.57143 278 1
 -0.2818865373807519 -0.7704656522459195 -1.346104576570147 1 137.01923 275.59616 1
 -0.3029613464877715 -0.7572712776502432 -1.320480426535898 1 140.48889 271 1
 -0.3137109193601662 -0.7499615594716791 -1.31041946668817 1 141.56818 269.18182 1
 -0.3247379298159838 -0.7414835063735065 -1.299254656721103 1 142.90196 267.27451 1
 -0.3326816185236226 -0.7339946401930622 -1.289008588896871 1 144.4762 266 1
 -0.335971389072968 -0.7303182168270397 -1.285334763253229 1 144.89362 265.68085 1
 -0.3407073408393818 -0.7262544226564647 -1.27867500065167 1 145.71428 264.83334 1
 -0.3387654271511363 -0.7227657071900797 -1.279720084352462 1 145.93478 265.52173 1
 -0.3395409900268239 -0.7103139171374828 -1.276025182446988 1 147 267 1
 -0.3375905791843719 -0.6997819744446842 -1.272603445840678 1 148.34091 268.29544 1
 -0.3443157882858728 -0.7134809581245318 -1.27629056332727 1 146.38095 265.80951 1
 -0.3702550907968194 -0.74460706419286 -1.277364623452814 1 142.125 257.47916 1
 -0.3976753899940598 -0.77775648066102 -1.283551433333193 1 136.59525 249.19048 1
 -0.4288130958471111 -0.8090365404157662 -1.289050364462634 1 131.04347 240.43478 1
 -0.4691888046201475 -0.8451198579246172 -1.288300575174331 1 125.43478 229 1
 -0.4903101253103568 -0.8596244186953791 -1.292217047487435 1 122.02 224 1
 -0.5104137614084897 -0.8643453984438872 -1.287420536867645 1 120.51163 220 1
 -0.54760421486057 -0.8786840366446305 -1.281362967546788 1 117.4359 212 1
 -0.5712349643079838 -0.8848627791596794 -1.27765652549863 1 115.82609 207.34782 1
 -0.6161428943257343 -0.909579736620722 -1.254186404217519 1 115.39535 195 1
 -0.6384137752498109 -0.9209902283671414 -1.236555726313903 1 116.36364 188.59091 1
 -0.6598269464593861 -0.9350259997058722 -1.21760860325522 1 117.55264 181.8158 1
 -0.6808948841948353 -0.945348166380697 -1.195919435162443 1 119.48572 175.28572 1
 -0.7016755544071426 -0.9533782706432605 -1.171330409009588 1 122.35135 169.21622 1
 -0.7251902895193156 -0.9626849499529709 -1.14354030634029 1 125.39474 162.39473 1
 -0.7643878065084482 -0.9935957910938726 -1.109445750493872 1 127.525 150 1
 -0.7861557732991654 -1.005770654793635 -1.082350109260139 1 130.35294 143 1
 -0.8049875097906833 -1.030111739805393 -1.069583013301252 1 130.5 136 1
 -0.8252025473352145 -1.044257600027715 -1.04807402031025 1 132.45454 130 1
 -0.8404771559042905 -1.058234977190568 -1.030210859116467 1 134.17857 124.60714 1
 -0.8599921490229433 -1.079727798597572 -1.01148449431927 1 135.46666 117.43333 1
 -0.8823264678553245 -1.096175747943838 -0.9830465343830225 1 138.44 110 1
 -0.8969612589700887 -1.096901569235199 -0.9553802281482439 1 142.39999 107 1
 -0.916886701631269 -1.107268394681401 -0.9269625164097947 1 145.63637 101 1
 -0.9303851812847607 -1.115569920850564 -0.9063267425469501 1 148.25926 97 1
 -0.9486584951921747 -1.123091254914028 -0.8815949379643326 1 151 92.777779 1
 -0.9705381373696943 -1.137998744252657 -0.8489518555902374 1 154.55556 86 1
 -0.9881366611717839 -1.145192910423753 -0.8219370604219374 1 157.63158 82 1
 -1.004859336366663 -1.149686318800947 -0.790900555025179 1 161.58333 78 1
 -1.018810988220355 -1.157278830858398 -0.7656758069737363 1 164.70833 74 1
 -1.032203665674043 -1.167814709863165 -0.7442948083895286 1 167.29167 70 1
 -1.041498070879475 -1.164381851635038 -0.7177181160448584 1 171 68 1
 -1.058004533029025 -1.159372602352173 -0.6787202446458439 1 176.26315 66 1
 -1.068111834877976 -1.156856025385322 -0.6542130672137971 1 179.35294 64 1
 -1.078379935308405 -1.151570867426974 -0.6312367451393098 1 182.35294 63 1
 -1.094475493228771 -1.157803013687078 -0.5910137988103111 1 187.40909 59 1
 -1.099415004913419 -1.150218957564321 -0.5698573777266803 1 190.39999 59 1
 -1.105679775873315 -1.147460200456479 -0.5459622254129994 1 193.58824 58 1
 -1.107389256057102 -1.138162557694518 -0.52991442581662 1 196 58 1
 -1.114894372079258 -1.145317899486525 -0.510062295351538 1 198.53334 56 1
 -1.115050844706785 -1.137120881612034 -0.4974291139302102 1 200.46153 56.46154 1
 -1.114510106854592 -1.130132099447291 -0.4913802360504343 1 201.4375 57 1
 -1.120508778764342 -1.126016096714625 -0.4633889630020268 1 205.29411 56 1
 -1.123778877956079 -1.128090134070839 -0.443275967748944 1 208 55 1
 -1.125875638562796 -1.127113275073287 -0.4238070935347861 1 210.70589 54 1
 -1.12583092086504 -1.126816858446991 -0.4059486508752838 1 213.47058 53 1
 -1.128423673130236 -1.13686809587986 -0.3750643616839595 1 218 50 1
 -1.125473315302845 -1.137251514656247 -0.364583837487892 1 220 50 1
 -1.124927869787163 -1.137227101308841 -0.3523991835739022 1 221.52942 49 1
 -1.125105973038342 -1.140702987413071 -0.3112900716760904 1 227.63158 47 1
 -1.123126459401335 -1.136531083928168 -0.2988284217028049 1 229.625 47 1
 -1.129137377952308 -1.143138939697685 -0.2812522625908325 1 231.6875 45 1
 -1.129088727856878 -1.138157300411226 -0.237059265141608 1 238 44 1
 -1.129563579451085 -1.142456669087485 -0.2088064895474732 1 242 42.384617 1
 -1.128211731262428 -1.1318787220306 -0.1826605830833732 1 245.72223 43 1
 -1.130661679835278 -1.134833716215575 -0.1575410420054772 1 249 41.454544 1
 -1.131238284107187 -1.130088303756858 -0.1355534362492103 1 252 41 1
 -1.131694761201966 -1.124382478825734 -0.1040164259807777 1 256 41 1
 -1.132576558556283 -1.116302149820273 -0.07498003100160577 1 259.64285 41 1
 -1.134310585790463 -1.112220931602283 -0.04951829910023384 1 263 41 1
 -1.144277267390295 -1.132965230869296 -0.01797061640507305 1 266 36 1
 -1.153896902484396 -1.147647187295694 0.02070548456214328 1 270.38461 32 1
 -1.161599888497219 -1.157241305407028 0.09754022832254355 1 279.39999 28 1
 -1.157951745622962 -1.146674016347411 0.1181015061995984 1 282 29 1
 -1.157889335425176 -1.145504520332017 0.1571792334789442 1 287 28 1
 -1.157788072950575 -1.146431822303579 0.1974215797804567 1 292 27 1
 -1.157846208210465 -1.140255026299094 0.2413089317349642 1 297 27 1
 -1.162788153739099 -1.147588944070605 0.2620192367146922 1 299 25 1
 -1.167477870758143 -1.154924739751392 0.2838578493068372 1 301 23 1
 -1.165790638689013 -1.145436874081858 0.3003043550385369 1 303 24 1
 -1.181595103169293 -1.160855343859813 0.3850315095957811 1 311 19 1
 -1.188923844784656 -1.171228873546417 0.4366577938562109 1 316 16 1
 -1.190163027095729 -1.171191481218891 0.459969728829092 1 318.54544 16 1
 -1.198709436333249 -1.167953062073418 0.6013947528591732 1 332 13 1
 -1.198863836640863 -1.167868173506144 0.6179552212674188 1 334 13 1
 -1.200310379436293 -1.168586583052201 0.6427840810044717 1 336 12 1
 -1.202183206790581 -1.172360608146379 0.6747510432731997 1 339 11 1
 -1.201983057622046 -1.174849771581805 0.7661206796520246 1 348 9 1
 -1.208714142466779 -1.201113062925264 0.8843337600884451 1 359 4 1
 -1.207822690092427 -1.209281334864007 1.055571099180562 1 374 1 1
 -0.4963733338079701 -1.260708799329065 1.944994935673853 1 506 22 1
 -0.2531016993734994 -1.295487573579721 1.951827385601245 1 533 32 1
 0.08605907327826076 -1.306056541669951 1.961662413741858 1 570 52 1
 0.1434650813033852 -1.322519243306066 1.96260051954552 1 577 54 1
