# Created by Octave 3.2.4, Fri Aug 26 11:09:19 2016 CEST <strawlab@flycube5>
# name: corresp
# type: matrix
# rows: 501
# columns: 7
 -0.228793762715575 -0.7460792642652665 -1.343912610133953 1 98.14286 244.57143 1
 -0.2290163189333488 -0.7482046470776081 -1.344323706363456 1 98 244.45161 1
 -0.2287181157357689 -0.7486430600251756 -1.34483987989125 1 97.949997 244.64999 1
 -0.231820364352133 -0.7515497886459634 -1.345878696528247 1 97.42105100000001 244.13158 1
 -0.2394562924827811 -0.7547869402374426 -1.346658202379062 1 97.294121 243 1
 -0.2431537107156174 -0.7543623675952625 -1.346058334420546 1 97.272728 242.59091 1
 -0.2567645711247253 -0.7610501367877351 -1.348195619537807 1 96.477272 240.70454 1
 -0.2685263459543062 -0.7633831371235482 -1.348206920418134 1 96.324997 239 1
 -0.272590655646526 -0.7673570640932748 -1.349006875646935 1 96.147057 238.32353 1
 -0.2818865373807519 -0.7704656522459195 -1.346104576570147 1 96.24324 237 1
 -0.3029613464877715 -0.7572712776502432 -1.320480426535898 1 100.2381 233.80952 1
 -0.3137109193601662 -0.7499615594716791 -1.31041946668817 1 102.23529 232 1
 -0.3247379298159838 -0.7414835063735065 -1.299254656721103 1 104 230.21875 1
 -0.3326816185236226 -0.7339946401930622 -1.289008588896871 1 105.77778 229 1
 -0.335971389072968 -0.7303182168270397 -1.285334763253229 1 106.5 228.425 1
 -0.3407073408393818 -0.7262544226564647 -1.27867500065167 1 107.73913 227.69565 1
 -0.3387654271511363 -0.7227657071900797 -1.279720084352462 1 107.74468 227.87234 1
 -0.3395409900268239 -0.7103139171374828 -1.276025182446988 1 109.15 227.625 1
 -0.3375905791843719 -0.6997819744446842 -1.272603445840678 1 110.16666 227.7381 1
 -0.3443157882858728 -0.7134809581245318 -1.27629056332727 1 108.82609 226.86957 1
 -0.3702550907968194 -0.74460706419286 -1.277364623452814 1 106.58537 223.58537 1
 -0.3976753899940598 -0.77775648066102 -1.283551433333193 1 103.83673 219.87755 1
 -0.4288130958471111 -0.8090365404157662 -1.289050364462634 1 100.81579 215.60527 1
 -0.4691888046201475 -0.8451198579246172 -1.288300575174331 1 98.725487 209.86275 1
 -0.4903101253103568 -0.8596244186953791 -1.292217047487435 1 97.181816 206.75 1
 -0.5104137614084897 -0.8643453984438872 -1.287420536867645 1 97.400002 203.56 1
 -0.54760421486057 -0.8786840366446305 -1.281362967546788 1 97.285713 198 1
 -0.5712349643079838 -0.8848627791596794 -1.27765652549863 1 97.304344 194.15218 1
 -0.6161428943257343 -0.909579736620722 -1.254186404217519 1 99 187.24324 1
 -0.6384137752498109 -0.9209902283671414 -1.236555726313903 1 100.86539 183.82692 1
 -0.6598269464593861 -0.9350259997058722 -1.21760860325522 1 102.42308 180.30769 1
 -0.6808948841948353 -0.945348166380697 -1.195919435162443 1 105.21429 177 1
 -0.7016755544071426 -0.9533782706432605 -1.171330409009588 1 108.03773 173.66037 1
 -0.7251902895193156 -0.9626849499529709 -1.14354030634029 1 111.67796 169.69492 1
 -0.7643878065084482 -0.9935957910938726 -1.109445750493872 1 114.69048 163 1
 -0.7861557732991654 -1.005770654793635 -1.082350109260139 1 118.14893 159.46808 1
 -0.8049875097906833 -1.030111739805393 -1.069583013301252 1 118.47826 156 1
 -0.8252025473352145 -1.044257600027715 -1.04807402031025 1 121.19299 152.75438 1
 -0.8404771559042905 -1.058234977190568 -1.030210859116467 1 123 150 1
 -0.8599921490229433 -1.079727798597572 -1.01148449431927 1 124.71212 146.4697 1
 -0.8823264678553245 -1.096175747943838 -0.9830465343830225 1 128.1579 142.50877 1
 -0.8969612589700887 -1.096901569235199 -0.9553802281482439 1 132.66667 139.73611 1
 -0.916886701631269 -1.107268394681401 -0.9269625164097947 1 136.64706 136 1
 -0.9303851812847607 -1.115569920850564 -0.9063267425469501 1 139.58904 133.58904 1
 -0.9486584951921747 -1.123091254914028 -0.8815949379643326 1 143.35185 130 1
 -0.9705381373696943 -1.137998744252657 -0.8489518555902374 1 148 126 1
 -0.9881366611717839 -1.145192910423753 -0.8219370604219374 1 152.20895 122.79105 1
 -1.004859336366663 -1.149686318800947 -0.790900555025179 1 157.35135 119.62162 1
 -1.018810988220355 -1.157278830858398 -0.7656758069737363 1 161.35001 117 1
 -1.032203665674043 -1.167814709863165 -0.7442948083895286 1 164.3158 114 1
 -1.041498070879475 -1.164381851635038 -0.7177181160448584 1 169.29488 112.5 1
 -1.058004533029025 -1.159372602352173 -0.6787202446458439 1 176.38962 109.49351 1
 -1.068111834877976 -1.156856025385322 -0.6542130672137971 1 180.97403 107.81818 1
 -1.078379935308405 -1.151570867426974 -0.6312367451393098 1 185.34921 106 1
 -1.094475493228771 -1.157803013687078 -0.5910137988103111 1 192.31746 103 1
 -1.099415004913419 -1.150218957564321 -0.5698573777266803 1 196.34427 102 1
 -1.105679775873315 -1.147460200456479 -0.5459622254129994 1 200.77586 101 1
 -1.107389256057102 -1.138162557694518 -0.52991442581662 1 204.25 101 1
 -1.114894372079258 -1.145317899486525 -0.510062295351538 1 207.48051 99.32467699999999 1
 -1.115050844706785 -1.137120881612034 -0.4974291139302102 1 210.17911 99.522385 1
 -1.114510106854592 -1.130132099447291 -0.4913802360504343 1 211.48148 99.703705 1
 -1.120508778764342 -1.126016096714625 -0.4633889630020268 1 216.57535 98.712326 1
 -1.123778877956079 -1.128090134070839 -0.443275967748944 1 220.26666 98 1
 -1.125875638562796 -1.127113275073287 -0.4238070935347861 1 223.87341 97.835442 1
 -1.12583092086504 -1.126816858446991 -0.4059486508752838 1 227.18311 97.802818 1
 -1.128423673130236 -1.13686809587986 -0.3750643616839595 1 232.42188 97 1
 -1.125473315302845 -1.137251514656247 -0.364583837487892 1 234.02563 97.46154 1
 -1.124927869787163 -1.137227101308841 -0.3523991835739022 1 236.34567 97.604935 1
 -1.121570908805625 -1.132730114373705 -0.3401222354907206 1 238.5443 98.35443100000001 1
 -1.125105973038342 -1.140702987413071 -0.3112900716760904 1 243.92392 97.51087200000001 1
 -1.123126459401335 -1.136531083928168 -0.2988284217028049 1 246.26562 98 1
 -1.129137377952308 -1.143138939697685 -0.2812522625908325 1 249.34375 97 1
 -1.126759546326488 -1.141953584624948 -0.2566689808415601 1 253.7971 97.246376 1
 -1.129088727856878 -1.138157300411226 -0.237059265141608 1 257.58463 97 1
 -1.129563579451085 -1.142456669087485 -0.2088064895474732 1 262.71875 97 1
 -1.128211731262428 -1.1318787220306 -0.1826605830833732 1 267.91208 97.604393 1
 -1.130661679835278 -1.134833716215575 -0.1575410420054772 1 272.43478 97 1
 -1.131238284107187 -1.130088303756858 -0.1355534362492103 1 276.4375 97 1
 -1.131694761201966 -1.124382478825734 -0.1040164259807777 1 282.5 97.292686 1
 -1.132576558556283 -1.116302149820273 -0.07498003100160577 1 288.02438 97.439026 1
 -1.134310585790463 -1.112220931602283 -0.04951829910023384 1 292.73611 97.208336 1
 -1.144277267390295 -1.132965230869296 -0.01797061640507305 1 298.5 95 1
 -1.153896902484396 -1.147647187295694 0.02070548456214328 1 305.73438 93 1
 -1.158394145816168 -1.156917256047175 0.05977543161980796 1 313.23438 92 1
 -1.160995601629519 -1.158930893771945 0.08146779047390439 1 317.25317 91.708862 1
 -1.161599888497219 -1.157241305407028 0.09754022832254355 1 320.33749 91.787498 1
 -1.157951745622962 -1.146674016347411 0.1181015061995984 1 324.26251 92.787498 1
 -1.157889335425176 -1.145504520332017 0.1571792334789442 1 331.34375 93 1
 -1.157788072950575 -1.146431822303579 0.1974215797804567 1 338.98734 93.40506000000001 1
 -1.158386347317129 -1.14593392965585 0.2244509407437975 1 344 93.44444300000001 1
 -1.157846208210465 -1.140255026299094 0.2413089317349642 1 347.29999 93.824997 1
 -1.162788153739099 -1.147588944070605 0.2620192367146922 1 351.25757 93 1
 -1.167477870758143 -1.154924739751392 0.2838578493068372 1 355.26154 92 1
 -1.165790638689013 -1.145436874081858 0.3003043550385369 1 358.20779 92.77922100000001 1
 -1.174563824807346 -1.155619957712738 0.3340654097678565 1 364.68832 91.181816 1
 -1.178487028941295 -1.157646068917444 0.3619587318916539 1 370 90.68852200000001 1
 -1.181595103169293 -1.160855343859813 0.3850315095957811 1 374.38095 90.30952499999999 1
