# Created by Octave 3.2.4, Fri Aug 26 11:09:19 2016 CEST <strawlab@flycube5>
# name: corresp
# type: matrix
# rows: 501
# columns: 7
 -0.228793762715575 -0.7460792642652665 -1.343912610133953 1 536 108.23077 1
 -0.2290163189333488 -0.7482046470776081 -1.344323706363456 1 536 108 1
 -0.2287181157357689 -0.7486430600251756 -1.34483987989125 1 536 107.7619 1
 -0.231820364352133 -0.7515497886459634 -1.345878696528247 1 536.79999 107.88571 1
 -0.2394562924827811 -0.7547869402374426 -1.346658202379062 1 537.70367 107.74074 1
 -0.2431537107156174 -0.7543623675952625 -1.346058334420546 1 538 108.0303 1
 -0.2567645711247253 -0.7610501367877351 -1.348195619537807 1 539.83331 108.05556 1
 -0.2685263459543062 -0.7633831371235482 -1.348206920418134 1 541 108.35484 1
 -0.272590655646526 -0.7673570640932748 -1.349006875646935 1 541.74194 108.25806 1
 -0.2818865373807519 -0.7704656522459195 -1.346104576570147 1 542.63892 108.41666 1
 -0.3029613464877715 -0.7572712776502432 -1.320480426535898 1 543.16132 111.58064 1
 -0.3137109193601662 -0.7499615594716791 -1.31041946668817 1 543.80646 113.32258 1
 -0.3247379298159838 -0.7414835063735065 -1.299254656721103 1 544 115.22222 1
 -0.3326816185236226 -0.7339946401930622 -1.289008588896871 1 544 116.58334 1
 -0.335971389072968 -0.7303182168270397 -1.285334763253229 1 544.33331 117.41666 1
 -0.3407073408393818 -0.7262544226564647 -1.27867500065167 1 544.45453 118.36364 1
 -0.3387654271511363 -0.7227657071900797 -1.279720084352462 1 544 118.33334 1
 -0.3395409900268239 -0.7103139171374828 -1.276025182446988 1 543.75757 120 1
 -0.3375905791843719 -0.6997819744446842 -1.272603445840678 1 543 121.28571 1
 -0.3443157882858728 -0.7134809581245318 -1.27629056332727 1 544.21429 119.71429 1
 -0.3702550907968194 -0.74460706419286 -1.277364623452814 1 548 117.7037 1
 -0.3976753899940598 -0.77775648066102 -1.283551433333193 1 552.47058 115.58823 1
 -0.4288130958471111 -0.8090365404157662 -1.289050364462634 1 557 113.56522 1
 -0.4691888046201475 -0.8451198579246172 -1.288300575174331 1 563 112.08334 1
 -0.4903101253103568 -0.8596244186953791 -1.292217047487435 1 566 111.47059 1
 -0.5104137614084897 -0.8643453984438872 -1.287420536867645 1 568 112.34483 1
 -0.54760421486057 -0.8786840366446305 -1.281362967546788 1 572.72412 113.20689 1
 -0.5712349643079838 -0.8848627791596794 -1.27765652549863 1 575.21429 113.71429 1
 -0.6161428943257343 -0.909579736620722 -1.254186404217519 1 580.48651 114.45946 1
 -0.6384137752498109 -0.9209902283671414 -1.236555726313903 1 582.85364 114.97561 1
 -0.6598269464593861 -0.9350259997058722 -1.21760860325522 1 585 115.27586 1
 -0.6808948841948353 -0.945348166380697 -1.195919435162443 1 587 115.9697 1
 -0.7016755544071426 -0.9533782706432605 -1.171330409009588 1 589 117.31429 1
 -0.7251902895193156 -0.9626849499529709 -1.14354030634029 1 591.1579 118.5 1
 -0.7643878065084482 -0.9935957910938726 -1.109445750493872 1 596 118.43243 1
 -0.7861557732991654 -1.005770654793635 -1.082350109260139 1 598.19446 119.44444 1
 -0.8049875097906833 -1.030111739805393 -1.069583013301252 1 601 118.125 1
 -0.8252025473352145 -1.044257600027715 -1.04807402031025 1 603.55817 118.46512 1
 -0.8404771559042905 -1.058234977190568 -1.030210859116467 1 605.48889 118.46667 1
 -0.8599921490229433 -1.079727798597572 -1.01148449431927 1 608.17499 117.65 1
 -0.8823264678553245 -1.096175747943838 -0.9830465343830225 1 611 118.09091 1
 -0.8969612589700887 -1.096901569235199 -0.9553802281482439 1 612 119.97778 1
 -0.916886701631269 -1.107268394681401 -0.9269625164097947 1 614 121.34146 1
 -0.9303851812847607 -1.115569920850564 -0.9063267425469501 1 615.76923 121.96154 1
 -0.9486584951921747 -1.123091254914028 -0.8815949379643326 1 617.6326299999999 123.36735 1
 -0.9705381373696943 -1.137998744252657 -0.8489518555902374 1 620.25928 124.11111 1
 -0.9881366611717839 -1.145192910423753 -0.8219370604219374 1 622 125.35 1
 -1.004859336366663 -1.149686318800947 -0.790900555025179 1 623.66071 127.41071 1
 -1.018810988220355 -1.157278830858398 -0.7656758069737363 1 625 128.42857 1
 -1.032203665674043 -1.167814709863165 -0.7442948083895286 1 627 128.82692 1
 -1.041498070879475 -1.164381851635038 -0.7177181160448584 1 627.26923 131.38461 1
 -1.058004533029025 -1.159372602352173 -0.6787202446458439 1 628 134.92157 1
 -1.068111834877976 -1.156856025385322 -0.6542130672137971 1 628.56665 137.43333 1
 -1.078379935308405 -1.151570867426974 -0.6312367451393098 1 628.85248 140.06557 1
 -1.094475493228771 -1.157803013687078 -0.5910137988103111 1 630.34998 142.43333 1
 -1.099415004913419 -1.150218957564321 -0.5698573777266803 1 629.86566 144.8806 1
 -1.105679775873315 -1.147460200456479 -0.5459622254129994 1 629.86304 147.10959 1
 -1.107389256057102 -1.138162557694518 -0.52991442581662 1 628.89062 149.51562 1
 -1.114894372079258 -1.145317899486525 -0.510062295351538 1 629.8513799999999 150.10811 1
 -1.115050844706785 -1.137120881612034 -0.4974291139302102 1 628.875 152 1
 -1.114510106854592 -1.130132099447291 -0.4913802360504343 1 628.15253 153.47458 1
 -1.120508778764342 -1.126016096714625 -0.4633889630020268 1 627.85895 155.94872 1
 -1.123778877956079 -1.128090134070839 -0.443275967748944 1 627.81927 157.0723 1
 -1.125875638562796 -1.127113275073287 -0.4238070935347861 1 627.46667 158.46666 1
 -1.12583092086504 -1.126816858446991 -0.4059486508752838 1 626.70453 159.65909 1
 -1.128423673130236 -1.13686809587986 -0.3750643616839595 1 626.61053 160.25262 1
 -1.125473315302845 -1.137251514656247 -0.364583837487892 1 626 160.40323 1
 -1.124927869787163 -1.137227101308841 -0.3523991835739022 1 625.39288 161.19048 1
 -1.121570908805625 -1.132730114373705 -0.3401222354907206 1 624 162.09859 1
 -1.125105973038342 -1.140702987413071 -0.3112900716760904 1 624 163.0685 1
 -1.123126459401335 -1.136531083928168 -0.2988284217028049 1 623 164.39706 1
 -1.129137377952308 -1.143138939697685 -0.2812522625908325 1 623.76135 165.11363 1
 -1.126759546326488 -1.141953584624948 -0.2566689808415601 1 622.30231 166.46512 1
 -1.129088727856878 -1.138157300411226 -0.237059265141608 1 621.62 168.67 1
 -1.129563579451085 -1.142456669087485 -0.2088064895474732 1 620.8125 169.95833 1
 -1.128211731262428 -1.1318787220306 -0.1826605830833732 1 618.76593 173.09575 1
 -1.130661679835278 -1.134833716215575 -0.1575410420054772 1 618.27002 174.67999 1
 -1.131238284107187 -1.130088303756858 -0.1355534362492103 1 617 177.0238 1
 -1.131694761201966 -1.124382478825734 -0.1040164259807777 1 615.3608400000001 180.43298 1
 -1.132576558556283 -1.116302149820273 -0.07498003100160577 1 613.57892 183.79825 1
 -1.134310585790463 -1.112220931602283 -0.04951829910023384 1 612.3663299999999 186.52475 1
 -1.144277267390295 -1.132965230869296 -0.01797061640507305 1 614 186.85417 1
 -1.153896902484396 -1.147647187295694 0.02070548456214328 1 615.15558 188.51111 1
 -1.158394145816168 -1.156917256047175 0.05977543161980796 1 614.86365 190.54546 1
 -1.160995601629519 -1.158930893771945 0.08146779047390439 1 614.41083 192.33333 1
 -1.161599888497219 -1.157241305407028 0.09754022832254355 1 613.53955 193.98561 1
 -1.157951745622962 -1.146674016347411 0.1181015061995984 1 610.86047 197.15504 1
 -1.157889335425176 -1.145504520332017 0.1571792334789442 1 608.68457 200.73825 1
 -1.157788072950575 -1.146431822303579 0.1974215797804567 1 606.5564000000001 204.40602 1
 -1.158386347317129 -1.14593392965585 0.2244509407437975 1 605 207.06612 1
 -1.157846208210465 -1.140255026299094 0.2413089317349642 1 603.41541 209.53847 1
 -1.162788153739099 -1.147588944070605 0.2620192367146922 1 603.79865 210.91275 1
 -1.167477870758143 -1.154924739751392 0.2838578493068372 1 603.83087 212.375 1
 -1.165790638689013 -1.145436874081858 0.3003043550385369 1 601.73511 215.45695 1
 -1.174563824807346 -1.155619957712738 0.3340654097678565 1 602.27924 218.19481 1
 -1.178487028941295 -1.157646068917444 0.3619587318916539 1 601.43115 221.35928 1
 -1.181595103169293 -1.160855343859813 0.3850315095957811 1 600.7027 223.75676 1
