# Created by Octave 3.2.4, Fri Aug 26 11:09:19 2016 CEST <strawlab@flycube5>
# name: Pmat
# type: matrix
# rows: 3
# columns: 4
 -371.1281606254043 355.2519470428596 123.7023810576099 804.693587829118
 210.8594130152475 413.5987361834635 81.13819793585854 671.8100004047486
 -0.2948884229720995 0.8113884299261448 -0.5046678450020502 3.087535511515103
