# Created by Octave 3.2.4, Fri Aug 26 11:09:19 2016 CEST <strawlab@flycube5>
# name: Pmat
# type: matrix
# rows: 3
# columns: 4
 -122.7045035641306 217.7036041170051 -476.8700948132625 1235.693677424759
 -99.70375569109643 476.9375972657139 83.09704680483806 725.8304735384684
 0.5213362335125411 0.7000342415373947 -0.4880170000134452 3.077018343868697
