# Created by Octave 3.2.4, Fri Aug 26 11:09:19 2016 CEST <strawlab@flycube5>
# name: Pmat
# type: matrix
# rows: 3
# columns: 4
 170.9793642779833 176.5349627920909 479.4425161992502 1054.423835587972
 175.3299787466517 470.6835030638628 -84.83243758016465 774.2083318729126
 -0.4151713784594497 0.7605861379818133 0.4991407148470163 2.864770500167982
