# Created by Octave 3.2.4, Fri Aug 26 11:09:19 2016 CEST <strawlab@flycube5>
# name: Pmat
# type: matrix
# rows: 3
# columns: 4
 570.7196343069378 136.754083687833 -103.600810450039 690.7250352827236
 -7.730952472957452 522.2684110262676 -106.534554820422 865.2543931826887
 0.5758308540808514 0.5573073223415749 0.5981867400343985 2.936166773519689
