# Created by Octave 3.2.4, Fri Aug 26 11:09:19 2016 CEST <strawlab@flycube5>
# name: Pmat
# type: matrix
# rows: 3
# columns: 4
 20.85052219822514 317.7330320675961 497.0751904322119 1151.410599061883
 510.6855007821056 167.9076232982917 21.24538385132197 1007.159557242078
 0.1142099767522943 0.993111705616934 0.02617673350258872 3.803300538222891
