# Created by Octave 3.2.4, Fri Aug 26 11:09:19 2016 CEST <strawlab@flycube5>
# name: X
# type: matrix
# rows: 4
# columns: 501
 -0.228793762715575 -0.2290163189333488 -0.2287181157357689 -0.231820364352133 -0.2394562924827811 -0.2431537107156174 -0.2567645711247253 -0.2685263459543062 -0.272590655646526 -0.2818865373807519 -0.3029613464877715 -0.3137109193601662 -0.3247379298159838 -0.3326816185236226 -0.335971389072968 -0.3407073408393818 -0.3387654271511363 -0.3395409900268239 -0.3375905791843719 -0.3443157882858728 -0.3702550907968194 -0.3976753899940598 -0.4288130958471111 -0.4691888046201475 -0.4903101253103568 -0.5104137614084897 -0.54760421486057 -0.5712349643079838 -0.6161428943257343 -0.6384137752498109 -0.6598269464593861 -0.6808948841948353 -0.7016755544071426 -0.7251902895193156 -0.7643878065084482 -0.7861557732991654 -0.8049875097906833 -0.8252025473352145 -0.8404771559042905 -0.8599921490229433 -0.8823264678553245 -0.8969612589700887 -0.916886701631269 -0.9303851812847607 -0.9486584951921747 -0.9705381373696943 -0.9881366611717839 -1.004859336366663 -1.018810988220355 -1.032203665674043 -1.041498070879475 -1.058004533029025 -1.068111834877976 -1.078379935308405 -1.094475493228771 -1.099415004913419 -1.105679775873315 -1.107389256057102 -1.114894372079258 -1.115050844706785 -1.114510106854592 -1.120508778764342 -1.123778877956079 -1.125875638562796 -1.12583092086504 -1.128423673130236 -1.125473315302845 -1.124927869787163 -1.121570908805625 -1.125105973038342 -1.123126459401335 -1.129137377952308 -1.126759546326488 -1.129088727856878 -1.129563579451085 -1.128211731262428 -1.130661679835278 -1.131238284107187 -1.131694761201966 -1.132576558556283 -1.134310585790463 -1.144277267390295 -1.153896902484396 -1.158394145816168 -1.160995601629519 -1.161599888497219 -1.157951745622962 -1.157889335425176 -1.157788072950575 -1.158386347317129 -1.157846208210465 -1.162788153739099 -1.167477870758143 -1.165790638689013 -1.174563824807346 -1.178487028941295 -1.181595103169293 -1.185371342150436 -1.188923844784656 -1.190163027095729 -1.188884303274748 -1.191687647304909 -1.194316108238804 -1.198709436333249 -1.198863836640863 -1.200310379436293 -1.202183206790581 -1.202204952345381 -1.202868747245649 -1.201983057622046 -1.202252596286422 -1.206533699224045 -1.208714142466779 -1.206986792031178 -1.206245182340732 -1.207069728499758 -1.207822690092427 -1.207594622703368 -1.205188649258736 -1.202985511513091 -1.201813670760777 -1.20260490131168 -1.207843021414171 -1.203231704533243 -1.203678770023703 -1.202179355973348 -1.199522273282755 -1.198811873578374 -1.202235333043322 -1.203109617243695 -1.20281422976665 -1.203291240300902 -1.201886941833511 -1.198617374501046 -1.196816584100305 -1.196492651328253 -1.194505958795983 -1.194151401961832 -0.9901770905897704 -0.9582578991464268 -0.9181013003965072 -0.8853530643408518 -0.8604946783621082 -0.8469200236730866 -0.8221523727808486 -0.7811265554839141 -0.7463736164191219 -0.7155240053232647 -0.6923992661614289 -0.675745214141357 -0.6587058090596841 -0.6318857262609576 -0.6103109803599958 -0.5873492389371232 -0.5525552583033099 -0.5190156720059043 -0.4963733338079701 -0.4725692078084608 -0.4527212073417296 -0.4355354476356706 -0.4191571510972736 -0.4051150697982925 -0.3821929536328162 -0.3581629788911366 -0.3378755620934491 -0.3198072980966624 -0.2999126097433197 -0.2780955706444492 -0.2531016993734994 -0.2364491538730034 -0.2289115720834258 -0.2291866416048935 -0.2002429675519999 -0.1722891450832738 -0.1432740892387435 -0.08686811650367923 -0.02043274383588677 0.04822898076124935 0.08605907327826076 0.1159889992852638 0.1434650813033852 0.162447404900934 0.1922604711533163 0.2200600938463303 0.2514106639976142 0.2878518745087948 0.3225738774420842 0.355075683179336 0.3888575951261111 0.4267796050451169 0.4411333132290595 0.4621368514172302 0.4827596882834884 0.5070523713284764 0.5391184620137841 0.56542684205773 0.5923946983813891 0.6166029234977342 0.6362883931940599 0.6530000959606364 0.6715076469255099 0.6783948943341885 0.690820362031535 0.6978748879950406 0.7029691287294464 0.7097211673257633 0.7137471564237028 0.718878850517111 0.7247349733766082 0.7286457389523887 0.7338083773293758 0.7360602247556379 0.7391603286918034 0.7436929401000815 0.7411869227547994 0.7373385693121307 0.7399694630424197 0.7444621349669712 0.7446836842774567 0.744676194582429 0.7480567286633435 0.7552478498488816 0.7617805664581837 0.7648583683833119 0.7670731844228893 0.7712088630408011 0.7761447640331611 0.7749202864958458 0.7773184170353402 0.780132601994039 0.7814956274472097 0.7838045646341733 0.7876652972010317 0.7879838959321719 0.7865174880257684 0.7854569903668501 0.7835935261628262 0.7834127150138999 0.7836349068656727 0.7846689971819345 0.7864540964895781 0.7875308884413232 0.7848184544521036 0.7811092524871062 0.7792608986847829 0.7831076802756487 0.7823230753574979 0.784697134202555 0.7872689832306016 0.787789198150573 0.7893334648585992 0.7898224912052999 0.7925469916809763 0.7939743194567601 0.7964030158342901 0.7942950618419271 0.7938081007434545 0.7938469816389244 0.7907152557729593 0.7833658565533872 0.7784346087272664 0.7706217792156365 0.7712655789987204 0.7713912894336579 0.7744427037584669 0.7800919967275634 0.7818929623321826 0.773889687273896 0.7680524939917567 0.7585407801425741 0.7520295287473107 0.7395183278613252 0.7341089430665282 0.7235729718978362 0.7163534905406277 0.7132083136431221 0.7092055066765551 0.702753024824059 0.6988832199592517 0.694483206810968 0.6854817042879121 0.6813407862023574 0.6770346405416257 0.6717131307065396 0.6643006966363323 0.6603164246045202 0.627757032394348 0.5952990510599052 0.5679848158902621 0.52181414862764 0.4913070900268582 0.4549579506985728 0.4192943446285789 0.3775222796849987 0.3370236033848861 0.3009027791469581 0.2505268423416884 0.2255744160334278 0.2085696848242144 0.1664319879478103 0.09713291007243549 0.06411805891655266 0.02409709397533107 -0.01501975895089118 -0.04849463609811544 -0.07956763585988891 -0.1017750751499428 -0.1395315684425925 -0.1723901665410778 -0.2045942229756327 -0.2412484203847508 -0.2699257530442383 -0.2976358015732016 -0.3141941196702954 -0.3214449930271953 -0.3366428195118276 -0.3531199367363501 -0.3796048974926317 -0.3969435132333763 -0.4196352388291133 -0.4395852389121276 -0.4535843356751196 -0.4736106323392039 -0.4906305821671254 -0.4963058046007824 -0.5118116659255337 -0.51989896736817 -0.5263174465502422 -0.5402711759286748 -0.5642906012326315 -0.5832731756173513 -0.5877304354816822 -0.5822978399182505 -0.5946927748933371 -0.6128267276640401 -0.6251360428415562 -0.6315263928769038 -0.6592640926794321 -0.6627246437324165 -0.6746809893926372 -0.6849579147991903 -0.691338477967626 -0.6981418824416449 -0.7015244212185061 -0.706212117969541 -0.7116591627628676 -0.7100343632663929 -0.7117798185107461 -0.709907062553479 -0.7177548209668143 -0.7123250025352421 -0.7078437189427098 -0.7166146176535479 -0.7199088086650788 -0.7219388731903549 -0.7248747953483834 -0.7296530494491507 -0.7321452513321193 -0.7233238752602221 -0.7165143592044321 -0.7205519660565187 -0.7270492567796508 -0.7334499607322924 -0.7355283822131145 -0.7402199088005681 -0.7456759203362311 -0.7530501178316046 -0.7610821661308634 -0.7652806166800742 -0.7669795356794394 -0.7670893655767906 -0.7741172440774183 -0.7782126722223023 -0.7816081014793407 -0.7798608455322267 -0.7783410558512237 -0.7812034002734853 -0.782723569862648 -0.7867677529373489 -0.7929621476045666 -0.8015189884019481 -0.8358904882426464 -0.8438072803853566 -0.8418169125682645 -0.8406518652034189 -0.8477603393155746 -0.8503080269440315 -0.8347774491269233 -0.8086175855561226 -0.7840581924370364 -0.775112927246535 -0.754000414923409 -0.7357481420440382 -0.7054118718940154 -0.6902258248975944 -0.677251993735473 -0.6317458971461538 -0.6064650457949869 -0.5688143439527096 -0.5398803659391276 -0.5014572996757231 -0.4721282928209096 -0.4325720118340693 -0.4040441540654139 -0.3679588376359124 