K11 = 398.967147
K12 = 0.000000
K13 = 328.999120
K21 = 0.000000
K22 = 399.902851
K23 = 242.969773
K31 = 0.000000
K32 = 0.000000
K33 = 1.000000

kc1 = -0.262625
kc2 = 0.059100
kc3 = 0.000118
kc4 = 0.000198

